     1        0   0.000
     2    20038   0.010
     3    40075   0.020
     4    60112   0.030
     5    80149   0.040
     6   100186   0.050
     7   120223   0.060
     8   140260   0.070
     9   160297   0.080
    10   180334   0.090
    11   200371   0.100
    12   220408   0.110
    13   240445   0.120
    14   260482   0.130
    15   280519   0.140
    16   300556   0.150
    17   320593   0.160
    18   340630   0.170
    19   360667   0.180
    20   380704   0.190
    21   400741   0.200
    22   420778   0.210
    23   440815   0.220
    24   460852   0.230
    25   480889   0.240
    26   500926   0.250
    27   520963   0.260
    28   541000   0.270
    29   561037   0.280
    30   581074   0.290
    31   601111   0.300
    32   621148   0.310
    33   641185   0.320
    34   661222   0.330
    35   681259   0.340
    36   701296   0.350
    37   721333   0.360
    38   741370   0.370
    39   761407   0.380
    40   781444   0.390
    41   801481   0.400
    42   821518   0.410
    43   841555   0.420
    44   861592   0.430
    45   881629   0.440
    46   901666   0.450
    47   921703   0.460
    48   941740   0.470
    49   961777   0.480
    50   981814   0.490
    51  1001851   0.500
    52  1021888   0.510
    53  1041925   0.520
    54  1061962   0.530
    55  1081999   0.540
    56  1102036   0.550
    57  1122073   0.560
    58  1142110   0.570
    59  1162147   0.580
    60  1182184   0.590
    61  1202221   0.600
    62  1222258   0.610
    63  1242295   0.620
    64  1262332   0.630
    65  1282369   0.640
    66  1302406   0.650
    67  1322443   0.660
    68  1342480   0.670
    69  1362517   0.680
    70  1382554   0.690
    71  1402591   0.700
    72  1422628   0.710
    73  1442665   0.720
    74  1462702   0.730
    75  1482739   0.740
    76  1502776   0.750
    77  1522813   0.760
    78  1542850   0.770
    79  1562887   0.780
    80  1582924   0.790
    81  1602961   0.800
    82  1622998   0.810
    83  1643035   0.820
    84  1663072   0.830
    85  1683109   0.840
    86  1703146   0.850
    87  1723183   0.860
    88  1743220   0.870
    89  1763257   0.880
    90  1783294   0.890
    91  1803331   0.900
    92  1823368   0.910
    93  1843405   0.920
    94  1863442   0.930
    95  1883479   0.940
    96  1903516   0.950
    97  1923553   0.960
    98  1943590   0.970
    99  1963627   0.980
   100  1983664   0.990
   101  2003701   1.000
   102  2023738   1.010
   103  2043775   1.020
   104  2063812   1.030
   105  2083849   1.040
   106  2103886   1.050
   107  2123923   1.060
   108  2143960   1.070
   109  2163997   1.080
   110  2184034   1.090
   111  2204071   1.100
   112  2224108   1.110
   113  2244145   1.120
   114  2264182   1.130
   115  2284219   1.140
   116  2304256   1.150
   117  2324293   1.160
   118  2344330   1.170
   119  2364367   1.180
   120  2384404   1.190
   121  2404441   1.200
   122  2424478   1.210
   123  2444515   1.220
   124  2464552   1.230
   125  2484589   1.240
   126  2504626   1.250
   127  2524663   1.260
   128  2544700   1.270
   129  2564737   1.280
   130  2584774   1.290
   131  2604811   1.300
   132  2624848   1.310
   133  2644885   1.320
   134  2664922   1.330
   135  2684959   1.340
   136  2704996   1.350
   137  2725033   1.360
   138  2745070   1.370
   139  2765107   1.380
   140  2785144   1.390
   141  2805181   1.400
   142  2825218   1.410
   143  2845255   1.420
   144  2865292   1.430
   145  2885329   1.440
   146  2905366   1.450
   147  2925403   1.460
   148  2945440   1.470
   149  2965477   1.480
   150  2985514   1.490
   151  3005551   1.500
   152  3025588   1.510
   153  3045625   1.520
   154  3065662   1.530
   155  3085699   1.540
   156  3105736   1.550
   157  3125773   1.560
   158  3145810   1.570
   159  3165847   1.580
   160  3185884   1.590
   161  3205921   1.600
   162  3225958   1.610
   163  3245995   1.620
   164  3266032   1.630
   165  3286069   1.640
   166  3306106   1.650
   167  3326143   1.660
   168  3346180   1.670
   169  3366217   1.680
   170  3386254   1.690
   171  3406291   1.700
   172  3426328   1.710
   173  3446365   1.720
   174  3466402   1.730
   175  3486439   1.740
   176  3506476   1.750
   177  3526513   1.760
   178  3546550   1.770
   179  3566587   1.780
   180  3586624   1.790
   181  3606661   1.800
   182  3626698   1.810
   183  3646735   1.820
   184  3666772   1.830
   185  3686809   1.840
   186  3706846   1.850
   187  3726883   1.860
   188  3746920   1.870
   189  3766957   1.880
   190  3786994   1.890
   191  3807031   1.900
   192  3827068   1.910
   193  3847105   1.920
   194  3867142   1.930
   195  3887179   1.940
   196  3907216   1.950
   197  3927253   1.960
   198  3947290   1.970
   199  3967327   1.980
   200  3987364   1.990
   201  4007401   2.000
