     1        0    48600   0.000
     2    20038    48750   0.010
     3    40075    49058   0.020
     4    60112    49212   0.030
     5    80149    49528   0.040
     6   100186    49684   0.050
     7   120223    49994   0.060
     8   140260    50164   0.070
     9   160297    50477   0.080
    10   180334    50656   0.090
    11   200371    50972   0.100
    12   220408    51163   0.110
    13   240445    51498   0.120
    14   260482    51674   0.130
    15   280519    52017   0.140
    16   300556    52183   0.150
    17   320593    52549   0.160
    18   340630    52726   0.170
    19   360667    53103   0.180
    20   380704    53266   0.190
    21   400741    53651   0.200
    22   420778    53826   0.210
    23   440815    54208   0.220
    24   460852    54383   0.230
    25   480889    54770   0.240
    26   500926    54962   0.250
    27   520963    55318   0.260
    28   541000    55526   0.270
    29   561037    55880   0.280
    30   581074    56110   0.290
    31   601111    56473   0.300
    32   621148    56685   0.310
    33   641185    57044   0.320
    34   661222    57240   0.330
    35   681259    57628   0.340
    36   701296    57807   0.350
    37   721333    58187   0.360
    38   741370    58372   0.370
    39   761407    58791   0.380
    40   781444    58962   0.390
    41   801481    59376   0.400
    42   821518    59547   0.410
    43   841555    59972   0.420
    44   861592    60165   0.430
    45   881629    60542   0.440
    46   901666    60764   0.450
    47   921703    61128   0.460
    48   941740    61359   0.470
    49   961777    61739   0.480
    50   981814    61962   0.490
    51  1001851    62335   0.500
    52  1021888    62558   0.510
    53  1041925    62965   0.520
    54  1061962    63161   0.530
    55  1081999    63581   0.540
    56  1102036    63772   0.550
    57  1122073    64178   0.560
    58  1142110    64366   0.570
    59  1162147    64797   0.580
    60  1182184    64978   0.590
    61  1202221    65403   0.600
    62  1222258    65583   0.610
    63  1242295    66015   0.620
    64  1262332    66218   0.630
    65  1282369    66636   0.640
    66  1302406    66870   0.650
    67  1322443    67253   0.660
    68  1342480    67484   0.670
    69  1362517    67857   0.680
    70  1382554    68085   0.690
    71  1402591    68475   0.700
    72  1422628    68701   0.710
    73  1442665    69103   0.720
    74  1462702    69298   0.730
    75  1482739    69710   0.740
    76  1502776    69904   0.750
    77  1522813    70339   0.760
    78  1542850    70536   0.770
    79  1562887    70976   0.780
    80  1582924    71174   0.790
    81  1602961    71588   0.800
    82  1622998    71787   0.810
    83  1643035    72205   0.820
    84  1663072    72416   0.830
    85  1683109    72831   0.840
    86  1703146    73065   0.850
    87  1723183    73459   0.860
    88  1743220    73692   0.870
    89  1763257    74093   0.880
    90  1783294    74330   0.890
    91  1803331    74720   0.900
    92  1823368    74917   0.910
    93  1843405    75330   0.920
    94  1863442    75525   0.930
    95  1883479    75951   0.940
    96  1903516    76149   0.950
    97  1923553    76581   0.960
    98  1943590    76783   0.970
    99  1963627    77241   0.980
   100  1983664    77426   0.990
   101  2003701    77859   1.000
   102  2023738    78056   1.010
   103  2043775    78480   1.020
   104  2063812    78672   1.030
   105  2083849    79080   1.040
   106  2103886    79302   1.050
   107  2123923    79684   1.060
   108  2143960    79899   1.070
   109  2163997    80290   1.080
   110  2184034    80529   1.090
   111  2204071    80895   1.100
   112  2224108    81108   1.110
   113  2244145    81524   1.120
   114  2264182    81724   1.130
   115  2284219    82147   1.140
   116  2304256    82332   1.150
   117  2324293    82769   1.160
   118  2344330    82969   1.170
   119  2364367    83394   1.180
   120  2384404    83564   1.190
   121  2404441    84009   1.200
   122  2424478    84194   1.210
   123  2444515    84614   1.220
   124  2464552    84804   1.230
   125  2484589    85205   1.240
   126  2504626    85445   1.250
   127  2524663    85834   1.260
   128  2544700    86073   1.270
   129  2564737    86459   1.280
   130  2584774    86695   1.290
   131  2604811    87059   1.300
   132  2624848    87282   1.310
   133  2644885    87707   1.320
   134  2664922    87906   1.330
   135  2684959    88318   1.340
   136  2704996    88507   1.350
   137  2725033    88923   1.360
   138  2745070    89105   1.370
   139  2765107    89559   1.380
   140  2785144    89737   1.390
   141  2805181    90161   1.400
   142  2825218    90354   1.410
   143  2845255    90765   1.420
   144  2865292    90971   1.430
   145  2885329    91384   1.440
   146  2905366    91615   1.450
   147  2925403    91986   1.460
   148  2945440    92225   1.470
   149  2965477    92623   1.480
   150  2985514    92850   1.490
   151  3005551    93237   1.500
   152  3025588    93463   1.510
   153  3045625    93882   1.520
   154  3065662    94079   1.530
   155  3085699    94496   1.540
   156  3105736    94691   1.550
   157  3125773    95121   1.560
   158  3145810    95311   1.570
   159  3165847    95756   1.580
   160  3185884    95941   1.590
   161  3205921    96388   1.600
   162  3225958    96588   1.610
   163  3245995    97017   1.620
   164  3266032    97218   1.630
   165  3286069    97646   1.640
   166  3306106    97882   1.650
   167  3326143    98254   1.660
   168  3346180    98495   1.670
   169  3366217    98881   1.680
   170  3386254    99126   1.690
   171  3406291    99537   1.700
   172  3426328    99739   1.710
   173  3446365   100138   1.720
   174  3466402   100344   1.730
   175  3486439   100766   1.740
   176  3506476   100951   1.750
   177  3526513   101371   1.760
   178  3546550   101568   1.770
   179  3566587   102009   1.780
   180  3586624   102198   1.790
   181  3606661   102642   1.800
   182  3626698   102828   1.810
   183  3646735   103270   1.820
   184  3666772   103461   1.830
   185  3686809   103865   1.840
   186  3706846   104108   1.850
   187  3726883   104494   1.860
   188  3746920   104747   1.870
   189  3766957   105118   1.880
   190  3786994   105343   1.890
   191  3807031   105742   1.900
   192  3827068   105947   1.910
   193  3847105   106369   1.920
   194  3867142   106567   1.930
   195  3887179   106996   1.940
   196  3907216   107181   1.950
   197  3927253   107607   1.960
   198  3947290   107800   1.970
   199  3967327   108261   1.980
   200  3987364   108445   1.990
   201  4007401   108865   2.000
