     1     5400     2005   0.001
     2     5400     4009   0.002
     3     5400     6013   0.003
     4     5400     8017   0.004
     5     5400    10021   0.005
     6     5400    12025   0.006
     7     5400    14029   0.007
     8     5400    16033   0.008
     9     5400    18037   0.009
    10     5400    20041   0.010
    11     5400    22045   0.011
    12     5400    24049   0.012
    13     5400    26053   0.013
    14     5400    28057   0.014
    15     5400    30061   0.015
    16     5400    32065   0.016
    17     5400    34069   0.017
    18     5400    36073   0.018
    19     5400    38077   0.019
    20     5400    40081   0.020
    21     5400    42085   0.021
    22     5400    44089   0.022
    23     5400    46093   0.023
    24     5400    48097   0.024
    25     5400    50101   0.025
    26     5400    52105   0.026
    27     5400    54109   0.027
    28     5400    56113   0.028
    29     5400    58117   0.029
    30     5400    60121   0.030
    31     5400    62125   0.031
    32     5400    64129   0.032
    33     5400    66133   0.033
    34     5400    68137   0.034
    35     5400    70141   0.035
    36     5400    72145   0.036
    37     5400    74149   0.037
    38     5400    76153   0.038
    39     5400    78157   0.039
    40     5400    80161   0.040
    41     5400    82165   0.041
    42     5400    84169   0.042
    43     5400    86173   0.043
    44     5400    88177   0.044
    45     5400    90181   0.045
    46     5400    92185   0.046
    47     5400    94189   0.047
    48     5400    96193   0.048
    49     5400    98197   0.049
    50     5400   100201   0.050
    51     5400   102205   0.051
    52     5400   104209   0.052
    53     5400   106213   0.053
    54     5400   108217   0.054
    55     5400   110221   0.055
    56     5400   112225   0.056
    57     5400   114229   0.057
    58     5400   116233   0.058
    59     5400   118237   0.059
    60     5400   120241   0.060
    61     5400   122245   0.061
    62     5400   124249   0.062
    63     5400   126253   0.063
    64     5400   128257   0.064
    65     5400   130261   0.065
    66     5400   132265   0.066
    67     5400   134269   0.067
    68     5400   136273   0.068
    69     5400   138277   0.069
    70     5400   140281   0.070
    71     5400   142285   0.071
    72     5400   144289   0.072
    73     5400   146293   0.073
    74     5400   148297   0.074
    75     5400   150301   0.075
    76     5400   152305   0.076
    77     5400   154309   0.077
    78     5400   156313   0.078
    79     5400   158317   0.079
    80     5400   160321   0.080
    81     5400   162325   0.081
    82     5400   164329   0.082
    83     5400   166333   0.083
    84     5400   168337   0.084
    85     5400   170341   0.085
    86     5400   172345   0.086
    87     5400   174349   0.087
    88     5400   176353   0.088
    89     5400   178357   0.089
    90     5400   180361   0.090
    91     5400   182365   0.091
    92     5400   184369   0.092
    93     5400   186373   0.093
    94     5400   188377   0.094
    95     5400   190381   0.095
    96     5400   192385   0.096
    97     5400   194389   0.097
    98     5400   196393   0.098
    99     5400   198397   0.099
   100     5400   200401   0.100
   101     5400   202405   0.101
   102     5400   204409   0.102
   103     5400   206413   0.103
   104     5400   208417   0.104
   105     5400   210421   0.105
   106     5400   212425   0.106
   107     5400   214429   0.107
   108     5400   216433   0.108
   109     5400   218437   0.109
   110     5400   220441   0.110
   111     5400   222445   0.111
   112     5400   224449   0.112
   113     5400   226453   0.113
   114     5400   228457   0.114
   115     5400   230461   0.115
   116     5400   232465   0.116
   117     5400   234469   0.117
   118     5400   236473   0.118
   119     5400   238477   0.119
   120     5400   240481   0.120
   121     5400   242485   0.121
   122     5400   244489   0.122
   123     5400   246493   0.123
   124     5400   248497   0.124
   125     5400   250501   0.125
   126     5400   252505   0.126
   127     5400   254509   0.127
   128     5400   256513   0.128
   129     5400   258517   0.129
   130     5400   260521   0.130
   131     5400   262525   0.131
   132     5400   264529   0.132
   133     5400   266533   0.133
   134     5400   268537   0.134
   135     5400   270541   0.135
   136     5400   272545   0.136
   137     5400   274549   0.137
   138     5400   276553   0.138
   139     5400   278557   0.139
   140     5400   280561   0.140
   141     5400   282565   0.141
   142     5400   284569   0.142
   143     5400   286573   0.143
   144     5400   288577   0.144
   145     5400   290581   0.145
   146     5400   292585   0.146
   147     5400   294589   0.147
   148     5400   296593   0.148
   149     5400   298597   0.149
   150     5400   300601   0.150
   151     5400   302605   0.151
   152     5400   304609   0.152
   153     5400   306613   0.153
   154     5400   308617   0.154
   155     5400   310621   0.155
   156     5400   312625   0.156
   157     5400   314629   0.157
   158     5400   316633   0.158
   159     5400   318637   0.159
   160     5400   320641   0.160
   161     5400   322645   0.161
   162     5400   324649   0.162
   163     5400   326653   0.163
   164     5400   328657   0.164
   165     5400   330661   0.165
   166     5400   332665   0.166
   167     5400   334669   0.167
   168     5400   336673   0.168
   169     5400   338677   0.169
   170     5400   340681   0.170
   171     5400   342685   0.171
   172     5400   344689   0.172
   173     5400   346693   0.173
   174     5400   348697   0.174
   175     5400   350701   0.175
   176     5400   352705   0.176
   177     5400   354709   0.177
   178     5400   356713   0.178
   179     5400   358717   0.179
   180     5400   360721   0.180
   181     5400   362725   0.181
   182     5400   364729   0.182
   183     5400   366733   0.183
   184     5400   368737   0.184
   185     5400   370741   0.185
   186     5400   372745   0.186
   187     5400   374749   0.187
   188     5400   376753   0.188
   189     5400   378757   0.189
   190     5400   380761   0.190
   191     5400   382765   0.191
   192     5400   384769   0.192
   193     5400   386773   0.193
   194     5400   388777   0.194
   195     5400   390781   0.195
   196     5400   392785   0.196
   197     5400   394789   0.197
   198     5400   396793   0.198
   199     5400   398797   0.199
   200     5400   400801   0.200
   201     5400   402805   0.201
   202     5400   404809   0.202
   203     5400   406813   0.203
   204     5400   408817   0.204
   205     5400   410821   0.205
   206     5400   412825   0.206
   207     5400   414829   0.207
   208     5400   416833   0.208
   209     5400   418837   0.209
   210     5400   420841   0.210
   211     5400   422845   0.211
   212     5400   424849   0.212
   213     5400   426853   0.213
   214     5400   428857   0.214
   215     5400   430861   0.215
   216     5400   432865   0.216
   217     5400   434869   0.217
   218     5400   436873   0.218
   219     5400   438877   0.219
   220     5400   440881   0.220
   221     5400   442885   0.221
   222     5400   444889   0.222
   223     5400   446893   0.223
   224     5400   448897   0.224
   225     5400   450901   0.225
   226     5400   452905   0.226
   227     5400   454909   0.227
   228     5400   456913   0.228
   229     5400   458917   0.229
   230     5400   460921   0.230
   231     5400   462925   0.231
   232     5400   464929   0.232
   233     5400   466933   0.233
   234     5400   468937   0.234
   235     5400   470941   0.235
   236     5400   472945   0.236
   237     5400   474949   0.237
   238     5400   476953   0.238
   239     5400   478957   0.239
   240     5400   480961   0.240
   241     5400   482965   0.241
   242     5400   484969   0.242
   243     5400   486973   0.243
   244     5400   488977   0.244
   245     5400   490981   0.245
   246     5400   492985   0.246
   247     5400   494989   0.247
   248     5400   496993   0.248
   249     5400   498997   0.249
   250     5400   501001   0.250
   251     5400   503005   0.251
   252     5400   505009   0.252
   253     5400   507013   0.253
   254     5400   509017   0.254
   255     5400   511021   0.255
   256     5400   513025   0.256
   257     5400   515029   0.257
   258     5400   517033   0.258
   259     5400   519037   0.259
   260     5400   521041   0.260
   261     5400   523045   0.261
   262     5400   525049   0.262
   263     5400   527053   0.263
   264     5400   529057   0.264
   265     5400   531061   0.265
   266     5400   533065   0.266
   267     5400   535069   0.267
   268     5400   537073   0.268
   269     5400   539077   0.269
   270     5400   541081   0.270
   271     5400   543085   0.271
   272     5400   545089   0.272
   273     5400   547093   0.273
   274     5400   549097   0.274
   275     5400   551101   0.275
   276     5400   553105   0.276
   277     5400   555109   0.277
   278     5400   557113   0.278
   279     5400   559117   0.279
   280     5400   561121   0.280
   281     5400   563125   0.281
   282     5400   565129   0.282
   283     5400   567133   0.283
   284     5400   569137   0.284
   285     5400   571141   0.285
   286     5400   573145   0.286
   287     5400   575149   0.287
   288     5400   577153   0.288
   289     5400   579157   0.289
   290     5400   581161   0.290
   291     5400   583165   0.291
   292     5400   585169   0.292
   293     5400   587173   0.293
   294     5400   589177   0.294
   295     5400   591181   0.295
   296     5400   593185   0.296
   297     5400   595189   0.297
   298     5400   597193   0.298
   299     5400   599197   0.299
   300     5400   601201   0.300
   301     5400   603205   0.301
   302     5400   605209   0.302
   303     5400   607213   0.303
   304     5400   609217   0.304
   305     5400   611221   0.305
   306     5400   613225   0.306
   307     5400   615229   0.307
   308     5400   617233   0.308
   309     5400   619237   0.309
   310     5400   621241   0.310
   311     5400   623245   0.311
   312     5400   625249   0.312
   313     5400   627253   0.313
   314     5400   629257   0.314
   315     5400   631261   0.315
   316     5400   633265   0.316
   317     5400   635269   0.317
   318     5400   637273   0.318
   319     5400   639277   0.319
   320     5400   641281   0.320
   321     5400   643285   0.321
   322     5400   645289   0.322
   323     5400   647293   0.323
   324     5400   649297   0.324
   325     5400   651301   0.325
   326     5400   653305   0.326
   327     5400   655309   0.327
   328     5400   657313   0.328
   329     5400   659317   0.329
   330     5400   661321   0.330
   331     5400   663325   0.331
   332     5400   665329   0.332
   333     5400   667333   0.333
   334     5400   669337   0.334
   335     5400   671341   0.335
   336     5400   673345   0.336
   337     5400   675349   0.337
   338     5400   677353   0.338
   339     5400   679357   0.339
   340     5400   681361   0.340
   341     5400   683365   0.341
   342     5400   685369   0.342
   343     5400   687373   0.343
   344     5400   689377   0.344
   345     5400   691381   0.345
   346     5400   693385   0.346
   347     5400   695389   0.347
   348     5400   697393   0.348
   349     5400   699397   0.349
   350     5400   701401   0.350
   351     5400   703405   0.351
   352     5400   705409   0.352
   353     5400   707413   0.353
   354     5400   709417   0.354
   355     5400   711421   0.355
   356     5400   713425   0.356
   357     5400   715429   0.357
   358     5400   717433   0.358
   359     5400   719437   0.359
   360     5400   721441   0.360
   361     5400   723445   0.361
   362     5400   725449   0.362
   363     5400   727453   0.363
   364     5400   729457   0.364
   365     5400   731461   0.365
   366     5400   733465   0.366
   367     5400   735469   0.367
   368     5400   737473   0.368
   369     5400   739477   0.369
   370     5400   741481   0.370
   371     5400   743485   0.371
   372     5400   745489   0.372
   373     5400   747493   0.373
   374     5400   749497   0.374
   375     5400   751501   0.375
   376     5400   753505   0.376
   377     5400   755509   0.377
   378     5400   757513   0.378
   379     5400   759517   0.379
   380     5400   761521   0.380
   381     5400   763525   0.381
   382     5400   765529   0.382
   383     5400   767533   0.383
   384     5400   769537   0.384
   385     5400   771541   0.385
   386     5400   773545   0.386
   387     5400   775549   0.387
   388     5400   777553   0.388
   389     5400   779557   0.389
   390     5400   781561   0.390
   391     5400   783565   0.391
   392     5400   785569   0.392
   393     5400   787573   0.393
   394     5400   789577   0.394
   395     5400   791581   0.395
   396     5400   793585   0.396
   397     5400   795589   0.397
   398     5400   797593   0.398
   399     5400   799597   0.399
   400     5400   801601   0.400
   401     5400   803605   0.401
   402     5400   805609   0.402
   403     5400   807613   0.403
   404     5400   809617   0.404
   405     5400   811621   0.405
   406     5400   813625   0.406
   407     5400   815629   0.407
   408     5400   817633   0.408
   409     5400   819637   0.409
   410     5400   821641   0.410
   411     5400   823645   0.411
   412     5400   825649   0.412
   413     5400   827653   0.413
   414     5400   829657   0.414
   415     5400   831661   0.415
   416     5400   833665   0.416
   417     5400   835669   0.417
   418     5400   837673   0.418
   419     5400   839677   0.419
   420     5400   841681   0.420
   421     5400   843685   0.421
   422     5400   845689   0.422
   423     5400   847693   0.423
   424     5400   849697   0.424
   425     5400   851701   0.425
   426     5400   853705   0.426
   427     5400   855709   0.427
   428     5400   857713   0.428
   429     5400   859717   0.429
   430     5400   861721   0.430
   431     5400   863725   0.431
   432     5400   865729   0.432
   433     5400   867733   0.433
   434     5400   869737   0.434
   435     5400   871741   0.435
   436     5400   873745   0.436
   437     5400   875749   0.437
   438     5400   877753   0.438
   439     5400   879757   0.439
   440     5400   881761   0.440
   441     5400   883765   0.441
   442     5400   885769   0.442
   443     5400   887773   0.443
   444     5400   889777   0.444
   445     5400   891781   0.445
   446     5400   893785   0.446
   447     5400   895789   0.447
   448     5400   897793   0.448
   449     5400   899797   0.449
   450     5400   901801   0.450
   451     5400   903805   0.451
   452     5400   905809   0.452
   453     5400   907813   0.453
   454     5400   909817   0.454
   455     5400   911821   0.455
   456     5400   913825   0.456
   457     5400   915829   0.457
   458     5400   917833   0.458
   459     5400   919837   0.459
   460     5400   921841   0.460
   461     5400   923845   0.461
   462     5400   925849   0.462
   463     5400   927853   0.463
   464     5400   929857   0.464
   465     5400   931861   0.465
   466     5400   933865   0.466
   467     5400   935869   0.467
   468     5400   937873   0.468
   469     5400   939877   0.469
   470     5400   941881   0.470
   471     5400   943885   0.471
   472     5400   945889   0.472
   473     5400   947893   0.473
   474     5400   949897   0.474
   475     5400   951901   0.475
   476     5400   953905   0.476
   477     5400   955909   0.477
   478     5400   957913   0.478
   479     5400   959917   0.479
   480     5400   961921   0.480
   481     5400   963925   0.481
   482     5400   965929   0.482
   483     5400   967933   0.483
   484     5400   969937   0.484
   485     5400   971941   0.485
   486     5400   973945   0.486
   487     5400   975949   0.487
   488     5400   977953   0.488
   489     5400   979957   0.489
   490     5400   981961   0.490
   491     5400   983965   0.491
   492     5400   985969   0.492
   493     5400   987973   0.493
   494     5400   989977   0.494
   495     5400   991981   0.495
   496     5400   993985   0.496
   497     5400   995989   0.497
   498     5400   997993   0.498
   499     5400   999997   0.499
   500     5400  1002001   0.500
   501     5400  1004005   0.501
   502     5400  1006009   0.502
   503     5400  1008013   0.503
   504     5400  1010017   0.504
   505     5400  1012021   0.505
   506     5400  1014025   0.506
   507     5400  1016029   0.507
   508     5400  1018033   0.508
   509     5400  1020037   0.509
   510     5400  1022041   0.510
   511     5400  1024045   0.511
   512     5400  1026049   0.512
   513     5400  1028053   0.513
   514     5400  1030057   0.514
   515     5400  1032061   0.515
   516     5400  1034065   0.516
   517     5400  1036069   0.517
   518     5400  1038073   0.518
   519     5400  1040077   0.519
   520     5400  1042081   0.520
   521     5400  1044085   0.521
   522     5400  1046089   0.522
   523     5400  1048093   0.523
   524     5400  1050097   0.524
   525     5400  1052101   0.525
   526     5400  1054105   0.526
   527     5400  1056109   0.527
   528     5400  1058113   0.528
   529     5400  1060117   0.529
   530     5400  1062121   0.530
   531     5400  1064125   0.531
   532     5400  1066129   0.532
   533     5400  1068133   0.533
   534     5400  1070137   0.534
   535     5400  1072141   0.535
   536     5400  1074145   0.536
   537     5400  1076149   0.537
   538     5400  1078153   0.538
   539     5400  1080157   0.539
   540     5400  1082161   0.540
   541     5400  1084165   0.541
   542     5400  1086169   0.542
   543     5400  1088173   0.543
   544     5400  1090177   0.544
   545     5400  1092181   0.545
   546     5400  1094185   0.546
   547     5400  1096189   0.547
   548     5400  1098193   0.548
   549     5400  1100197   0.549
   550     5400  1102201   0.550
   551     5400  1104205   0.551
   552     5400  1106209   0.552
   553     5400  1108213   0.553
   554     5400  1110217   0.554
   555     5400  1112221   0.555
   556     5400  1114225   0.556
   557     5400  1116229   0.557
   558     5400  1118233   0.558
   559     5400  1120237   0.559
   560     5400  1122241   0.560
   561     5400  1124245   0.561
   562     5400  1126249   0.562
   563     5400  1128253   0.563
   564     5400  1130257   0.564
   565     5400  1132261   0.565
   566     5400  1134265   0.566
   567     5400  1136269   0.567
   568     5400  1138273   0.568
   569     5400  1140277   0.569
   570     5400  1142281   0.570
   571     5400  1144285   0.571
   572     5400  1146289   0.572
   573     5400  1148293   0.573
   574     5400  1150297   0.574
   575     5400  1152301   0.575
   576     5400  1154305   0.576
   577     5400  1156309   0.577
   578     5400  1158313   0.578
   579     5400  1160317   0.579
   580     5400  1162321   0.580
   581     5400  1164325   0.581
   582     5400  1166329   0.582
   583     5400  1168333   0.583
   584     5400  1170337   0.584
   585     5400  1172341   0.585
   586     5400  1174345   0.586
   587     5400  1176349   0.587
   588     5400  1178353   0.588
   589     5400  1180357   0.589
   590     5400  1182361   0.590
   591     5400  1184365   0.591
   592     5400  1186369   0.592
   593     5400  1188373   0.593
   594     5400  1190377   0.594
   595     5400  1192381   0.595
   596     5400  1194385   0.596
   597     5400  1196389   0.597
   598     5400  1198393   0.598
   599     5400  1200397   0.599
   600     5400  1202401   0.600
   601     5400  1204405   0.601
   602     5400  1206409   0.602
   603     5400  1208413   0.603
   604     5400  1210417   0.604
   605     5400  1212421   0.605
   606     5400  1214425   0.606
   607     5400  1216429   0.607
   608     5400  1218433   0.608
   609     5400  1220437   0.609
   610     5400  1222441   0.610
   611     5400  1224445   0.611
   612     5400  1226449   0.612
   613     5400  1228453   0.613
   614     5400  1230457   0.614
   615     5400  1232461   0.615
   616     5400  1234465   0.616
   617     5400  1236469   0.617
   618     5400  1238473   0.618
   619     5400  1240477   0.619
   620     5400  1242481   0.620
   621     5400  1244485   0.621
   622     5400  1246489   0.622
   623     5400  1248493   0.623
   624     5400  1250497   0.624
   625     5400  1252501   0.625
   626     5400  1254505   0.626
   627     5400  1256509   0.627
   628     5400  1258513   0.628
   629     5400  1260517   0.629
   630     5400  1262521   0.630
   631     5400  1264525   0.631
   632     5400  1266529   0.632
   633     5400  1268533   0.633
   634     5400  1270537   0.634
   635     5400  1272541   0.635
   636     5400  1274545   0.636
   637     5400  1276549   0.637
   638     5400  1278553   0.638
   639     5400  1280557   0.639
   640     5400  1282561   0.640
   641     5400  1284565   0.641
   642     5400  1286569   0.642
   643     5400  1288573   0.643
   644     5400  1290577   0.644
   645     5400  1292581   0.645
   646     5400  1294585   0.646
   647     5400  1296589   0.647
   648     5400  1298593   0.648
   649     5400  1300597   0.649
   650     5400  1302601   0.650
   651     5400  1304605   0.651
   652     5400  1306609   0.652
   653     5400  1308613   0.653
   654     5400  1310617   0.654
   655     5400  1312621   0.655
   656     5400  1314625   0.656
   657     5400  1316629   0.657
   658     5400  1318633   0.658
   659     5400  1320637   0.659
   660     5400  1322641   0.660
   661     5400  1324645   0.661
   662     5400  1326649   0.662
   663     5400  1328653   0.663
   664     5400  1330657   0.664
   665     5400  1332661   0.665
   666     5400  1334665   0.666
   667     5400  1336669   0.667
   668     5400  1338673   0.668
   669     5400  1340677   0.669
   670     5400  1342681   0.670
   671     5400  1344685   0.671
   672     5400  1346689   0.672
   673     5400  1348693   0.673
   674     5400  1350697   0.674
   675     5400  1352701   0.675
   676     5400  1354705   0.676
   677     5400  1356709   0.677
   678     5400  1358713   0.678
   679     5400  1360717   0.679
   680     5400  1362721   0.680
   681     5400  1364725   0.681
   682     5400  1366729   0.682
   683     5400  1368733   0.683
   684     5400  1370737   0.684
   685     5400  1372741   0.685
   686     5400  1374745   0.686
   687     5400  1376749   0.687
   688     5400  1378753   0.688
   689     5400  1380757   0.689
   690     5400  1382761   0.690
   691     5400  1384765   0.691
   692     5400  1386769   0.692
   693     5400  1388773   0.693
   694     5400  1390777   0.694
   695     5400  1392781   0.695
   696     5400  1394785   0.696
   697     5400  1396789   0.697
   698     5400  1398793   0.698
   699     5400  1400797   0.699
   700     5400  1402801   0.700
   701     5400  1404805   0.701
   702     5400  1406809   0.702
   703     5400  1408813   0.703
   704     5400  1410817   0.704
   705     5400  1412821   0.705
   706     5400  1414825   0.706
   707     5400  1416829   0.707
   708     5400  1418833   0.708
   709     5400  1420837   0.709
   710     5400  1422841   0.710
   711     5400  1424845   0.711
   712     5400  1426849   0.712
   713     5400  1428853   0.713
   714     5400  1430857   0.714
   715     5400  1432861   0.715
   716     5400  1434865   0.716
   717     5400  1436869   0.717
   718     5400  1438873   0.718
   719     5400  1440877   0.719
   720     5400  1442881   0.720
   721     5400  1444885   0.721
   722     5400  1446889   0.722
   723     5400  1448893   0.723
   724     5400  1450897   0.724
   725     5400  1452901   0.725
   726     5400  1454905   0.726
   727     5400  1456909   0.727
   728     5400  1458913   0.728
   729     5400  1460917   0.729
   730     5400  1462921   0.730
   731     5400  1464925   0.731
   732     5400  1466929   0.732
   733     5400  1468933   0.733
   734     5400  1470937   0.734
   735     5400  1472941   0.735
   736     5400  1474945   0.736
   737     5400  1476949   0.737
   738     5400  1478953   0.738
   739     5400  1480957   0.739
   740     5400  1482961   0.740
   741     5400  1484965   0.741
   742     5400  1486969   0.742
   743     5400  1488973   0.743
   744     5400  1490977   0.744
   745     5400  1492981   0.745
   746     5400  1494985   0.746
   747     5400  1496989   0.747
   748     5400  1498993   0.748
   749     5400  1500997   0.749
   750     5400  1503001   0.750
   751     5400  1505005   0.751
   752     5400  1507009   0.752
   753     5400  1509013   0.753
   754     5400  1511017   0.754
   755     5400  1513021   0.755
   756     5400  1515025   0.756
   757     5400  1517029   0.757
   758     5400  1519033   0.758
   759     5400  1521037   0.759
   760     5400  1523041   0.760
   761     5400  1525045   0.761
   762     5400  1527049   0.762
   763     5400  1529053   0.763
   764     5400  1531057   0.764
   765     5400  1533061   0.765
   766     5400  1535065   0.766
   767     5400  1537069   0.767
   768     5400  1539073   0.768
   769     5400  1541077   0.769
   770     5400  1543081   0.770
   771     5400  1545085   0.771
   772     5400  1547089   0.772
   773     5400  1549093   0.773
   774     5400  1551097   0.774
   775     5400  1553101   0.775
   776     5400  1555105   0.776
   777     5400  1557109   0.777
   778     5400  1559113   0.778
   779     5400  1561117   0.779
   780     5400  1563121   0.780
   781     5400  1565125   0.781
   782     5400  1567129   0.782
   783     5400  1569133   0.783
   784     5400  1571137   0.784
   785     5400  1573141   0.785
   786     5400  1575145   0.786
   787     5400  1577149   0.787
   788     5400  1579153   0.788
   789     5400  1581157   0.789
   790     5400  1583161   0.790
   791     5400  1585165   0.791
   792     5400  1587169   0.792
   793     5400  1589173   0.793
   794     5400  1591177   0.794
   795     5400  1593181   0.795
   796     5400  1595185   0.796
   797     5400  1597189   0.797
   798     5400  1599193   0.798
   799     5400  1601197   0.799
   800     5400  1603201   0.800
   801     5400  1605205   0.801
   802     5400  1607209   0.802
   803     5400  1609213   0.803
   804     5400  1611217   0.804
   805     5400  1613221   0.805
   806     5400  1615225   0.806
   807     5400  1617229   0.807
   808     5400  1619233   0.808
   809     5400  1621237   0.809
   810     5400  1623241   0.810
   811     5400  1625245   0.811
   812     5400  1627249   0.812
   813     5400  1629253   0.813
   814     5400  1631257   0.814
   815     5400  1633261   0.815
   816     5400  1635265   0.816
   817     5400  1637269   0.817
   818     5400  1639273   0.818
   819     5400  1641277   0.819
   820     5400  1643281   0.820
   821     5400  1645285   0.821
   822     5400  1647289   0.822
   823     5400  1649293   0.823
   824     5400  1651297   0.824
   825     5400  1653301   0.825
   826     5400  1655305   0.826
   827     5400  1657309   0.827
   828     5400  1659313   0.828
   829     5400  1661317   0.829
   830     5400  1663321   0.830
   831     5400  1665325   0.831
   832     5400  1667329   0.832
   833     5400  1669333   0.833
   834     5400  1671337   0.834
   835     5400  1673341   0.835
   836     5400  1675345   0.836
   837     5400  1677349   0.837
   838     5400  1679353   0.838
   839     5400  1681357   0.839
   840     5400  1683361   0.840
   841     5400  1685365   0.841
   842     5400  1687369   0.842
   843     5400  1689373   0.843
   844     5400  1691377   0.844
   845     5400  1693381   0.845
   846     5400  1695385   0.846
   847     5400  1697389   0.847
   848     5400  1699393   0.848
   849     5400  1701397   0.849
   850     5400  1703401   0.850
   851     5400  1705405   0.851
   852     5400  1707409   0.852
   853     5400  1709413   0.853
   854     5400  1711417   0.854
   855     5400  1713421   0.855
   856     5400  1715425   0.856
   857     5400  1717429   0.857
   858     5400  1719433   0.858
   859     5400  1721437   0.859
   860     5400  1723441   0.860
   861     5400  1725445   0.861
   862     5400  1727449   0.862
   863     5400  1729453   0.863
   864     5400  1731457   0.864
   865     5400  1733461   0.865
   866     5400  1735465   0.866
   867     5400  1737469   0.867
   868     5400  1739473   0.868
   869     5400  1741477   0.869
   870     5400  1743481   0.870
   871     5400  1745485   0.871
   872     5400  1747489   0.872
   873     5400  1749493   0.873
   874     5400  1751497   0.874
   875     5400  1753501   0.875
   876     5400  1755505   0.876
   877     5400  1757509   0.877
   878     5400  1759513   0.878
   879     5400  1761517   0.879
   880     5400  1763521   0.880
   881     5400  1765525   0.881
   882     5400  1767529   0.882
   883     5400  1769533   0.883
   884     5400  1771537   0.884
   885     5400  1773541   0.885
   886     5400  1775545   0.886
   887     5400  1777549   0.887
   888     5400  1779553   0.888
   889     5400  1781557   0.889
   890     5400  1783561   0.890
   891     5400  1785565   0.891
   892     5400  1787569   0.892
   893     5400  1789573   0.893
   894     5400  1791577   0.894
   895     5400  1793581   0.895
   896     5400  1795585   0.896
   897     5400  1797589   0.897
   898     5400  1799593   0.898
   899     5400  1801597   0.899
   900     5400  1803601   0.900
   901     5400  1805605   0.901
   902     5400  1807609   0.902
   903     5400  1809613   0.903
   904     5400  1811617   0.904
   905     5400  1813621   0.905
   906     5400  1815625   0.906
   907     5400  1817629   0.907
   908     5400  1819633   0.908
   909     5400  1821637   0.909
   910     5400  1823641   0.910
   911     5400  1825645   0.911
   912     5400  1827649   0.912
   913     5400  1829653   0.913
   914     5400  1831657   0.914
   915     5400  1833661   0.915
   916     5400  1835665   0.916
   917     5400  1837669   0.917
   918     5400  1839673   0.918
   919     5400  1841677   0.919
   920     5400  1843681   0.920
   921     5400  1845685   0.921
   922     5400  1847689   0.922
   923     5400  1849693   0.923
   924     5400  1851697   0.924
   925     5400  1853701   0.925
   926     5400  1855705   0.926
   927     5400  1857709   0.927
   928     5400  1859713   0.928
   929     5400  1861717   0.929
   930     5400  1863721   0.930
   931     5400  1865725   0.931
   932     5400  1867729   0.932
   933     5400  1869733   0.933
   934     5400  1871737   0.934
   935     5400  1873741   0.935
   936     5400  1875745   0.936
   937     5400  1877749   0.937
   938     5400  1879753   0.938
   939     5400  1881757   0.939
   940     5400  1883761   0.940
   941     5400  1885765   0.941
   942     5400  1887769   0.942
   943     5400  1889773   0.943
   944     5400  1891777   0.944
   945     5400  1893781   0.945
   946     5400  1895785   0.946
   947     5400  1897789   0.947
   948     5400  1899793   0.948
   949     5400  1901797   0.949
   950     5400  1903801   0.950
   951     5400  1905805   0.951
   952     5400  1907809   0.952
   953     5400  1909813   0.953
   954     5400  1911817   0.954
   955     5400  1913821   0.955
   956     5400  1915825   0.956
   957     5400  1917829   0.957
   958     5400  1919833   0.958
   959     5400  1921837   0.959
   960     5400  1923841   0.960
   961     5400  1925845   0.961
   962     5400  1927849   0.962
   963     5400  1929853   0.963
   964     5400  1931857   0.964
   965     5400  1933861   0.965
   966     5400  1935865   0.966
   967     5400  1937869   0.967
   968     5400  1939873   0.968
   969     5400  1941877   0.969
   970     5400  1943881   0.970
   971     5400  1945885   0.971
   972     5400  1947889   0.972
   973     5400  1949893   0.973
   974     5400  1951897   0.974
   975     5400  1953901   0.975
   976     5400  1955905   0.976
   977     5400  1957909   0.977
   978     5400  1959913   0.978
   979     5400  1961917   0.979
   980     5400  1963921   0.980
   981     5400  1965925   0.981
   982     5400  1967929   0.982
   983     5400  1969933   0.983
   984     5400  1971937   0.984
   985     5400  1973941   0.985
   986     5400  1975945   0.986
   987     5400  1977949   0.987
   988     5400  1979953   0.988
   989     5400  1981957   0.989
   990     5400  1983961   0.990
   991     5400  1985965   0.991
   992     5400  1987969   0.992
   993     5400  1989973   0.993
   994     5400  1991977   0.994
   995     5400  1993981   0.995
   996     5400  1995985   0.996
   997     5400  1997989   0.997
   998     5400  1999993   0.998
   999     5400  2001997   0.999
  1000     5400  2004001   1.000
  1001     5400  2006005   1.001
  1002     5400  2008009   1.002
  1003     5400  2010013   1.003
  1004     5400  2012017   1.004
  1005     5400  2014021   1.005
  1006     5400  2016025   1.006
  1007     5400  2018029   1.007
  1008     5400  2020033   1.008
  1009     5400  2022037   1.009
  1010     5400  2024041   1.010
  1011     5400  2026045   1.011
  1012     5400  2028049   1.012
  1013     5400  2030053   1.013
  1014     5400  2032057   1.014
  1015     5400  2034061   1.015
  1016     5400  2036065   1.016
  1017     5400  2038069   1.017
  1018     5400  2040073   1.018
  1019     5400  2042077   1.019
  1020     5400  2044081   1.020
  1021     5400  2046085   1.021
  1022     5400  2048089   1.022
  1023     5400  2050093   1.023
  1024     5400  2052097   1.024
  1025     5400  2054101   1.025
  1026     5400  2056105   1.026
  1027     5400  2058109   1.027
  1028     5400  2060113   1.028
  1029     5400  2062117   1.029
  1030     5400  2064121   1.030
  1031     5400  2066125   1.031
  1032     5400  2068129   1.032
  1033     5400  2070133   1.033
  1034     5400  2072137   1.034
  1035     5400  2074141   1.035
  1036     5400  2076145   1.036
  1037     5400  2078149   1.037
  1038     5400  2080153   1.038
  1039     5400  2082157   1.039
  1040     5400  2084161   1.040
  1041     5400  2086165   1.041
  1042     5400  2088169   1.042
  1043     5400  2090173   1.043
  1044     5400  2092177   1.044
  1045     5400  2094181   1.045
  1046     5400  2096185   1.046
  1047     5400  2098189   1.047
  1048     5400  2100193   1.048
  1049     5400  2102197   1.049
  1050     5400  2104201   1.050
  1051     5400  2106205   1.051
  1052     5400  2108209   1.052
  1053     5400  2110213   1.053
  1054     5400  2112217   1.054
  1055     5400  2114221   1.055
  1056     5400  2116225   1.056
  1057     5400  2118229   1.057
  1058     5400  2120233   1.058
  1059     5400  2122237   1.059
  1060     5400  2124241   1.060
  1061     5400  2126245   1.061
  1062     5400  2128249   1.062
  1063     5400  2130253   1.063
  1064     5400  2132257   1.064
  1065     5400  2134261   1.065
  1066     5400  2136265   1.066
  1067     5400  2138269   1.067
  1068     5400  2140273   1.068
  1069     5400  2142277   1.069
  1070     5400  2144281   1.070
  1071     5400  2146285   1.071
  1072     5400  2148289   1.072
  1073     5400  2150293   1.073
  1074     5400  2152297   1.074
  1075     5400  2154301   1.075
  1076     5400  2156305   1.076
  1077     5400  2158309   1.077
  1078     5400  2160313   1.078
  1079     5400  2162317   1.079
  1080     5400  2164321   1.080
  1081     5400  2166325   1.081
  1082     5400  2168329   1.082
  1083     5400  2170333   1.083
  1084     5400  2172337   1.084
  1085     5400  2174341   1.085
  1086     5400  2176345   1.086
  1087     5400  2178349   1.087
  1088     5400  2180353   1.088
  1089     5400  2182357   1.089
  1090     5400  2184361   1.090
  1091     5400  2186365   1.091
  1092     5400  2188369   1.092
  1093     5400  2190373   1.093
  1094     5400  2192377   1.094
  1095     5400  2194381   1.095
  1096     5400  2196385   1.096
  1097     5400  2198389   1.097
  1098     5400  2200393   1.098
  1099     5400  2202397   1.099
  1100     5400  2204401   1.100
  1101     5400  2206405   1.101
  1102     5400  2208409   1.102
  1103     5400  2210413   1.103
  1104     5400  2212417   1.104
  1105     5400  2214421   1.105
  1106     5400  2216425   1.106
  1107     5400  2218429   1.107
  1108     5400  2220433   1.108
  1109     5400  2222437   1.109
  1110     5400  2224441   1.110
  1111     5400  2226445   1.111
  1112     5400  2228449   1.112
  1113     5400  2230453   1.113
  1114     5400  2232457   1.114
  1115     5400  2234461   1.115
  1116     5400  2236465   1.116
  1117     5400  2238469   1.117
  1118     5400  2240473   1.118
  1119     5400  2242477   1.119
  1120     5400  2244481   1.120
  1121     5400  2246485   1.121
  1122     5400  2248489   1.122
  1123     5400  2250493   1.123
  1124     5400  2252497   1.124
  1125     5400  2254501   1.125
  1126     5400  2256505   1.126
  1127     5400  2258509   1.127
  1128     5400  2260513   1.128
  1129     5400  2262517   1.129
  1130     5400  2264521   1.130
  1131     5400  2266525   1.131
  1132     5400  2268529   1.132
  1133     5400  2270533   1.133
  1134     5400  2272537   1.134
  1135     5400  2274541   1.135
  1136     5400  2276545   1.136
  1137     5400  2278549   1.137
  1138     5400  2280553   1.138
  1139     5400  2282557   1.139
  1140     5400  2284561   1.140
  1141     5400  2286565   1.141
  1142     5400  2288569   1.142
  1143     5400  2290573   1.143
  1144     5400  2292577   1.144
  1145     5400  2294581   1.145
  1146     5400  2296585   1.146
  1147     5400  2298589   1.147
  1148     5400  2300593   1.148
  1149     5400  2302597   1.149
  1150     5400  2304601   1.150
  1151     5400  2306605   1.151
  1152     5400  2308609   1.152
  1153     5400  2310613   1.153
  1154     5400  2312617   1.154
  1155     5400  2314621   1.155
  1156     5400  2316625   1.156
  1157     5400  2318629   1.157
  1158     5400  2320633   1.158
  1159     5400  2322637   1.159
  1160     5400  2324641   1.160
  1161     5400  2326645   1.161
  1162     5400  2328649   1.162
  1163     5400  2330653   1.163
  1164     5400  2332657   1.164
  1165     5400  2334661   1.165
  1166     5400  2336665   1.166
  1167     5400  2338669   1.167
  1168     5400  2340673   1.168
  1169     5400  2342677   1.169
  1170     5400  2344681   1.170
  1171     5400  2346685   1.171
  1172     5400  2348689   1.172
  1173     5400  2350693   1.173
  1174     5400  2352697   1.174
  1175     5400  2354701   1.175
  1176     5400  2356705   1.176
  1177     5400  2358709   1.177
  1178     5400  2360713   1.178
  1179     5400  2362717   1.179
  1180     5400  2364721   1.180
  1181     5400  2366725   1.181
  1182     5400  2368729   1.182
  1183     5400  2370733   1.183
  1184     5400  2372737   1.184
  1185     5400  2374741   1.185
  1186     5400  2376745   1.186
  1187     5400  2378749   1.187
  1188     5400  2380753   1.188
  1189     5400  2382757   1.189
  1190     5400  2384761   1.190
  1191     5400  2386765   1.191
  1192     5400  2388769   1.192
  1193     5400  2390773   1.193
  1194     5400  2392777   1.194
  1195     5400  2394781   1.195
  1196     5400  2396785   1.196
  1197     5400  2398789   1.197
  1198     5400  2400793   1.198
  1199     5400  2402797   1.199
  1200     5400  2404801   1.200
  1201     5400  2406805   1.201
  1202     5400  2408809   1.202
  1203     5400  2410813   1.203
  1204     5400  2412817   1.204
  1205     5400  2414821   1.205
  1206     5400  2416825   1.206
  1207     5400  2418829   1.207
  1208     5400  2420833   1.208
  1209     5400  2422837   1.209
  1210     5400  2424841   1.210
  1211     5400  2426845   1.211
  1212     5400  2428849   1.212
  1213     5400  2430853   1.213
  1214     5400  2432857   1.214
  1215     5400  2434861   1.215
  1216     5400  2436865   1.216
  1217     5400  2438869   1.217
  1218     5400  2440873   1.218
  1219     5400  2442877   1.219
  1220     5400  2444881   1.220
  1221     5400  2446885   1.221
  1222     5400  2448889   1.222
  1223     5400  2450893   1.223
  1224     5400  2452897   1.224
  1225     5400  2454901   1.225
  1226     5400  2456905   1.226
  1227     5400  2458909   1.227
  1228     5400  2460913   1.228
  1229     5400  2462917   1.229
  1230     5400  2464921   1.230
  1231     5400  2466925   1.231
  1232     5400  2468929   1.232
  1233     5400  2470933   1.233
  1234     5400  2472937   1.234
  1235     5400  2474941   1.235
  1236     5400  2476945   1.236
  1237     5400  2478949   1.237
  1238     5400  2480953   1.238
  1239     5400  2482957   1.239
  1240     5400  2484961   1.240
  1241     5400  2486965   1.241
  1242     5400  2488969   1.242
  1243     5400  2490973   1.243
  1244     5400  2492977   1.244
  1245     5400  2494981   1.245
  1246     5400  2496985   1.246
  1247     5400  2498989   1.247
  1248     5400  2500993   1.248
  1249     5400  2502997   1.249
  1250     5400  2505001   1.250
  1251     5400  2507005   1.251
  1252     5400  2509009   1.252
  1253     5400  2511013   1.253
  1254     5400  2513017   1.254
  1255     5400  2515021   1.255
  1256     5400  2517025   1.256
  1257     5400  2519029   1.257
  1258     5400  2521033   1.258
  1259     5400  2523037   1.259
  1260     5400  2525041   1.260
  1261     5400  2527045   1.261
  1262     5400  2529049   1.262
  1263     5400  2531053   1.263
  1264     5400  2533057   1.264
  1265     5400  2535061   1.265
  1266     5400  2537065   1.266
  1267     5400  2539069   1.267
  1268     5400  2541073   1.268
  1269     5400  2543077   1.269
  1270     5400  2545081   1.270
  1271     5400  2547085   1.271
  1272     5400  2549089   1.272
  1273     5400  2551093   1.273
  1274     5400  2553097   1.274
  1275     5400  2555101   1.275
  1276     5400  2557105   1.276
  1277     5400  2559109   1.277
  1278     5400  2561113   1.278
  1279     5400  2563117   1.279
  1280     5400  2565121   1.280
  1281     5400  2567125   1.281
  1282     5400  2569129   1.282
  1283     5400  2571133   1.283
  1284     5400  2573137   1.284
  1285     5400  2575141   1.285
  1286     5400  2577145   1.286
  1287     5400  2579149   1.287
  1288     5400  2581153   1.288
  1289     5400  2583157   1.289
  1290     5400  2585161   1.290
  1291     5400  2587165   1.291
  1292     5400  2589169   1.292
  1293     5400  2591173   1.293
  1294     5400  2593177   1.294
  1295     5400  2595181   1.295
  1296     5400  2597185   1.296
  1297     5400  2599189   1.297
  1298     5400  2601193   1.298
  1299     5400  2603197   1.299
  1300     5400  2605201   1.300
  1301     5400  2607205   1.301
  1302     5400  2609209   1.302
  1303     5400  2611213   1.303
  1304     5400  2613217   1.304
  1305     5400  2615221   1.305
  1306     5400  2617225   1.306
  1307     5400  2619229   1.307
  1308     5400  2621233   1.308
  1309     5400  2623237   1.309
  1310     5400  2625241   1.310
  1311     5400  2627245   1.311
  1312     5400  2629249   1.312
  1313     5400  2631253   1.313
  1314     5400  2633257   1.314
  1315     5400  2635261   1.315
  1316     5400  2637265   1.316
  1317     5400  2639269   1.317
  1318     5400  2641273   1.318
  1319     5400  2643277   1.319
  1320     5400  2645281   1.320
  1321     5400  2647285   1.321
  1322     5400  2649289   1.322
  1323     5400  2651293   1.323
  1324     5400  2653297   1.324
  1325     5400  2655301   1.325
  1326     5400  2657305   1.326
  1327     5400  2659309   1.327
  1328     5400  2661313   1.328
  1329     5400  2663317   1.329
  1330     5400  2665321   1.330
  1331     5400  2667325   1.331
  1332     5400  2669329   1.332
  1333     5400  2671333   1.333
  1334     5400  2673337   1.334
  1335     5400  2675341   1.335
  1336     5400  2677345   1.336
  1337     5400  2679349   1.337
  1338     5400  2681353   1.338
  1339     5400  2683357   1.339
  1340     5400  2685361   1.340
  1341     5400  2687365   1.341
  1342     5400  2689369   1.342
  1343     5400  2691373   1.343
  1344     5400  2693377   1.344
  1345     5400  2695381   1.345
  1346     5400  2697385   1.346
  1347     5400  2699389   1.347
  1348     5400  2701393   1.348
  1349     5400  2703397   1.349
  1350     5400  2705401   1.350
  1351     5400  2707405   1.351
  1352     5400  2709409   1.352
  1353     5400  2711413   1.353
  1354     5400  2713417   1.354
  1355     5400  2715421   1.355
  1356     5400  2717425   1.356
  1357     5400  2719429   1.357
  1358     5400  2721433   1.358
  1359     5400  2723437   1.359
  1360     5400  2725441   1.360
  1361     5400  2727445   1.361
  1362     5400  2729449   1.362
  1363     5400  2731453   1.363
  1364     5400  2733457   1.364
  1365     5400  2735461   1.365
  1366     5400  2737465   1.366
  1367     5400  2739469   1.367
  1368     5400  2741473   1.368
  1369     5400  2743477   1.369
  1370     5400  2745481   1.370
  1371     5400  2747485   1.371
  1372     5400  2749489   1.372
  1373     5400  2751493   1.373
  1374     5400  2753497   1.374
  1375     5400  2755501   1.375
  1376     5400  2757505   1.376
  1377     5400  2759509   1.377
  1378     5400  2761513   1.378
  1379     5400  2763517   1.379
  1380     5400  2765521   1.380
  1381     5400  2767525   1.381
  1382     5400  2769529   1.382
  1383     5400  2771533   1.383
  1384     5400  2773537   1.384
  1385     5400  2775541   1.385
  1386     5400  2777545   1.386
  1387     5400  2779549   1.387
  1388     5400  2781553   1.388
  1389     5400  2783557   1.389
  1390     5400  2785561   1.390
  1391     5400  2787565   1.391
  1392     5400  2789569   1.392
  1393     5400  2791573   1.393
  1394     5400  2793577   1.394
  1395     5400  2795581   1.395
  1396     5400  2797585   1.396
  1397     5400  2799589   1.397
  1398     5400  2801593   1.398
  1399     5400  2803597   1.399
  1400     5400  2805601   1.400
  1401     5400  2807605   1.401
  1402     5400  2809609   1.402
  1403     5400  2811613   1.403
  1404     5400  2813617   1.404
  1405     5400  2815621   1.405
  1406     5400  2817625   1.406
  1407     5400  2819629   1.407
  1408     5400  2821633   1.408
  1409     5400  2823637   1.409
  1410     5400  2825641   1.410
  1411     5400  2827645   1.411
  1412     5400  2829649   1.412
  1413     5400  2831653   1.413
  1414     5400  2833657   1.414
  1415     5400  2835661   1.415
  1416     5400  2837665   1.416
  1417     5400  2839669   1.417
  1418     5400  2841673   1.418
  1419     5400  2843677   1.419
  1420     5400  2845681   1.420
  1421     5400  2847685   1.421
  1422     5400  2849689   1.422
  1423     5400  2851693   1.423
  1424     5400  2853697   1.424
  1425     5400  2855701   1.425
  1426     5400  2857705   1.426
  1427     5400  2859709   1.427
  1428     5400  2861713   1.428
  1429     5400  2863717   1.429
  1430     5400  2865721   1.430
  1431     5400  2867725   1.431
  1432     5400  2869729   1.432
  1433     5400  2871733   1.433
  1434     5400  2873737   1.434
  1435     5400  2875741   1.435
  1436     5400  2877745   1.436
  1437     5400  2879749   1.437
  1438     5400  2881753   1.438
  1439     5400  2883757   1.439
  1440     5400  2885761   1.440
  1441     5400  2887765   1.441
  1442     5400  2889769   1.442
  1443     5400  2891773   1.443
  1444     5400  2893777   1.444
  1445     5400  2895781   1.445
  1446     5400  2897785   1.446
  1447     5400  2899789   1.447
  1448     5400  2901793   1.448
  1449     5400  2903797   1.449
  1450     5400  2905801   1.450
  1451     5400  2907805   1.451
  1452     5400  2909809   1.452
  1453     5400  2911813   1.453
  1454     5400  2913817   1.454
  1455     5400  2915821   1.455
  1456     5400  2917825   1.456
  1457     5400  2919829   1.457
  1458     5400  2921833   1.458
  1459     5400  2923837   1.459
  1460     5400  2925841   1.460
  1461     5400  2927845   1.461
  1462     5400  2929849   1.462
  1463     5400  2931853   1.463
  1464     5400  2933857   1.464
  1465     5400  2935861   1.465
  1466     5400  2937865   1.466
  1467     5400  2939869   1.467
  1468     5400  2941873   1.468
  1469     5400  2943877   1.469
  1470     5400  2945881   1.470
  1471     5400  2947885   1.471
  1472     5400  2949889   1.472
  1473     5400  2951893   1.473
  1474     5400  2953897   1.474
  1475     5400  2955901   1.475
  1476     5400  2957905   1.476
  1477     5400  2959909   1.477
  1478     5400  2961913   1.478
  1479     5400  2963917   1.479
  1480     5400  2965921   1.480
  1481     5400  2967925   1.481
  1482     5400  2969929   1.482
  1483     5400  2971933   1.483
  1484     5400  2973937   1.484
  1485     5400  2975941   1.485
  1486     5400  2977945   1.486
  1487     5400  2979949   1.487
  1488     5400  2981953   1.488
  1489     5400  2983957   1.489
  1490     5400  2985961   1.490
  1491     5400  2987965   1.491
  1492     5400  2989969   1.492
  1493     5400  2991973   1.493
  1494     5400  2993977   1.494
  1495     5400  2995981   1.495
  1496     5400  2997985   1.496
  1497     5400  2999989   1.497
  1498     5400  3001993   1.498
  1499     5400  3003997   1.499
  1500     5400  3006001   1.500
  1501     5400  3008005   1.501
  1502     5400  3010009   1.502
  1503     5400  3012013   1.503
  1504     5400  3014017   1.504
  1505     5400  3016021   1.505
  1506     5400  3018025   1.506
  1507     5400  3020029   1.507
  1508     5400  3022033   1.508
  1509     5400  3024037   1.509
  1510     5400  3026041   1.510
  1511     5400  3028045   1.511
  1512     5400  3030049   1.512
  1513     5400  3032053   1.513
  1514     5400  3034057   1.514
  1515     5400  3036061   1.515
  1516     5400  3038065   1.516
  1517     5400  3040069   1.517
  1518     5400  3042073   1.518
  1519     5400  3044077   1.519
  1520     5400  3046081   1.520
  1521     5400  3048085   1.521
  1522     5400  3050089   1.522
  1523     5400  3052093   1.523
  1524     5400  3054097   1.524
  1525     5400  3056101   1.525
  1526     5400  3058105   1.526
  1527     5400  3060109   1.527
  1528     5400  3062113   1.528
  1529     5400  3064117   1.529
  1530     5400  3066121   1.530
  1531     5400  3068125   1.531
  1532     5400  3070129   1.532
  1533     5400  3072133   1.533
  1534     5400  3074137   1.534
  1535     5400  3076141   1.535
  1536     5400  3078145   1.536
  1537     5400  3080149   1.537
  1538     5400  3082153   1.538
  1539     5400  3084157   1.539
  1540     5400  3086161   1.540
  1541     5400  3088165   1.541
  1542     5400  3090169   1.542
  1543     5400  3092173   1.543
  1544     5400  3094177   1.544
  1545     5400  3096181   1.545
  1546     5400  3098185   1.546
  1547     5400  3100189   1.547
  1548     5400  3102193   1.548
  1549     5400  3104197   1.549
  1550     5400  3106201   1.550
  1551     5400  3108205   1.551
  1552     5400  3110209   1.552
  1553     5400  3112213   1.553
  1554     5400  3114217   1.554
  1555     5400  3116221   1.555
  1556     5400  3118225   1.556
  1557     5400  3120229   1.557
  1558     5400  3122233   1.558
  1559     5400  3124237   1.559
  1560     5400  3126241   1.560
  1561     5400  3128245   1.561
  1562     5400  3130249   1.562
  1563     5400  3132253   1.563
  1564     5400  3134257   1.564
  1565     5400  3136261   1.565
  1566     5400  3138265   1.566
  1567     5400  3140269   1.567
  1568     5400  3142273   1.568
  1569     5400  3144277   1.569
  1570     5400  3146281   1.570
  1571     5400  3148285   1.571
  1572     5400  3150289   1.572
  1573     5400  3152293   1.573
  1574     5400  3154297   1.574
  1575     5400  3156301   1.575
  1576     5400  3158305   1.576
  1577     5400  3160309   1.577
  1578     5400  3162313   1.578
  1579     5400  3164317   1.579
  1580     5400  3166321   1.580
  1581     5400  3168325   1.581
  1582     5400  3170329   1.582
  1583     5400  3172333   1.583
  1584     5400  3174337   1.584
  1585     5400  3176341   1.585
  1586     5400  3178345   1.586
  1587     5400  3180349   1.587
  1588     5400  3182353   1.588
  1589     5400  3184357   1.589
  1590     5400  3186361   1.590
  1591     5400  3188365   1.591
  1592     5400  3190369   1.592
  1593     5400  3192373   1.593
  1594     5400  3194377   1.594
  1595     5400  3196381   1.595
  1596     5400  3198385   1.596
  1597     5400  3200389   1.597
  1598     5400  3202393   1.598
  1599     5400  3204397   1.599
  1600     5400  3206401   1.600
  1601     5400  3208405   1.601
  1602     5400  3210409   1.602
  1603     5400  3212413   1.603
  1604     5400  3214417   1.604
  1605     5400  3216421   1.605
  1606     5400  3218425   1.606
  1607     5400  3220429   1.607
  1608     5400  3222433   1.608
  1609     5400  3224437   1.609
  1610     5400  3226441   1.610
  1611     5400  3228445   1.611
  1612     5400  3230449   1.612
  1613     5400  3232453   1.613
  1614     5400  3234457   1.614
  1615     5400  3236461   1.615
  1616     5400  3238465   1.616
  1617     5400  3240469   1.617
  1618     5400  3242473   1.618
  1619     5400  3244477   1.619
  1620     5400  3246481   1.620
  1621     5400  3248485   1.621
  1622     5400  3250489   1.622
  1623     5400  3252493   1.623
  1624     5400  3254497   1.624
  1625     5400  3256501   1.625
  1626     5400  3258505   1.626
  1627     5400  3260509   1.627
  1628     5400  3262513   1.628
  1629     5400  3264517   1.629
  1630     5400  3266521   1.630
  1631     5400  3268525   1.631
  1632     5400  3270529   1.632
  1633     5400  3272533   1.633
  1634     5400  3274537   1.634
  1635     5400  3276541   1.635
  1636     5400  3278545   1.636
  1637     5400  3280549   1.637
  1638     5400  3282553   1.638
  1639     5400  3284557   1.639
  1640     5400  3286561   1.640
  1641     5400  3288565   1.641
  1642     5400  3290569   1.642
  1643     5400  3292573   1.643
  1644     5400  3294577   1.644
  1645     5400  3296581   1.645
  1646     5400  3298585   1.646
  1647     5400  3300589   1.647
  1648     5400  3302593   1.648
  1649     5400  3304597   1.649
  1650     5400  3306601   1.650
  1651     5400  3308605   1.651
  1652     5400  3310609   1.652
  1653     5400  3312613   1.653
  1654     5400  3314617   1.654
  1655     5400  3316621   1.655
  1656     5400  3318625   1.656
  1657     5400  3320629   1.657
  1658     5400  3322633   1.658
  1659     5400  3324637   1.659
  1660     5400  3326641   1.660
  1661     5400  3328645   1.661
  1662     5400  3330649   1.662
  1663     5400  3332653   1.663
  1664     5400  3334657   1.664
  1665     5400  3336661   1.665
  1666     5400  3338665   1.666
  1667     5400  3340669   1.667
  1668     5400  3342673   1.668
  1669     5400  3344677   1.669
  1670     5400  3346681   1.670
  1671     5400  3348685   1.671
  1672     5400  3350689   1.672
  1673     5400  3352693   1.673
  1674     5400  3354697   1.674
  1675     5400  3356701   1.675
  1676     5400  3358705   1.676
  1677     5400  3360709   1.677
  1678     5400  3362713   1.678
  1679     5400  3364717   1.679
  1680     5400  3366721   1.680
  1681     5400  3368725   1.681
  1682     5400  3370729   1.682
  1683     5400  3372733   1.683
  1684     5400  3374737   1.684
  1685     5400  3376741   1.685
  1686     5400  3378745   1.686
  1687     5400  3380749   1.687
  1688     5400  3382753   1.688
  1689     5400  3384757   1.689
  1690     5400  3386761   1.690
  1691     5400  3388765   1.691
  1692     5400  3390769   1.692
  1693     5400  3392773   1.693
  1694     5400  3394777   1.694
  1695     5400  3396781   1.695
  1696     5400  3398785   1.696
  1697     5400  3400789   1.697
  1698     5400  3402793   1.698
  1699     5400  3404797   1.699
  1700     5400  3406801   1.700
  1701     5400  3408805   1.701
  1702     5400  3410809   1.702
  1703     5400  3412813   1.703
  1704     5400  3414817   1.704
  1705     5400  3416821   1.705
  1706     5400  3418825   1.706
  1707     5400  3420829   1.707
  1708     5400  3422833   1.708
  1709     5400  3424837   1.709
  1710     5400  3426841   1.710
  1711     5400  3428845   1.711
  1712     5400  3430849   1.712
  1713     5400  3432853   1.713
  1714     5400  3434857   1.714
  1715     5400  3436861   1.715
  1716     5400  3438865   1.716
  1717     5400  3440869   1.717
  1718     5400  3442873   1.718
  1719     5400  3444877   1.719
  1720     5400  3446881   1.720
  1721     5400  3448885   1.721
  1722     5400  3450889   1.722
  1723     5400  3452893   1.723
  1724     5400  3454897   1.724
  1725     5400  3456901   1.725
  1726     5400  3458905   1.726
  1727     5400  3460909   1.727
  1728     5400  3462913   1.728
  1729     5400  3464917   1.729
  1730     5400  3466921   1.730
  1731     5400  3468925   1.731
  1732     5400  3470929   1.732
  1733     5400  3472933   1.733
  1734     5400  3474937   1.734
  1735     5400  3476941   1.735
  1736     5400  3478945   1.736
  1737     5400  3480949   1.737
  1738     5400  3482953   1.738
  1739     5400  3484957   1.739
  1740     5400  3486961   1.740
  1741     5400  3488965   1.741
  1742     5400  3490969   1.742
  1743     5400  3492973   1.743
  1744     5400  3494977   1.744
  1745     5400  3496981   1.745
  1746     5400  3498985   1.746
  1747     5400  3500989   1.747
  1748     5400  3502993   1.748
  1749     5400  3504997   1.749
  1750     5400  3507001   1.750
  1751     5400  3509005   1.751
  1752     5400  3511009   1.752
  1753     5400  3513013   1.753
  1754     5400  3515017   1.754
  1755     5400  3517021   1.755
  1756     5400  3519025   1.756
  1757     5400  3521029   1.757
  1758     5400  3523033   1.758
  1759     5400  3525037   1.759
  1760     5400  3527041   1.760
  1761     5400  3529045   1.761
  1762     5400  3531049   1.762
  1763     5400  3533053   1.763
  1764     5400  3535057   1.764
  1765     5400  3537061   1.765
  1766     5400  3539065   1.766
  1767     5400  3541069   1.767
  1768     5400  3543073   1.768
  1769     5400  3545077   1.769
  1770     5400  3547081   1.770
  1771     5400  3549085   1.771
  1772     5400  3551089   1.772
  1773     5400  3553093   1.773
  1774     5400  3555097   1.774
  1775     5400  3557101   1.775
  1776     5400  3559105   1.776
  1777     5400  3561109   1.777
  1778     5400  3563113   1.778
  1779     5400  3565117   1.779
  1780     5400  3567121   1.780
  1781     5400  3569125   1.781
  1782     5400  3571129   1.782
  1783     5400  3573133   1.783
  1784     5400  3575137   1.784
  1785     5400  3577141   1.785
  1786     5400  3579145   1.786
  1787     5400  3581149   1.787
  1788     5400  3583153   1.788
  1789     5400  3585157   1.789
  1790     5400  3587161   1.790
  1791     5400  3589165   1.791
  1792     5400  3591169   1.792
  1793     5400  3593173   1.793
  1794     5400  3595177   1.794
  1795     5400  3597181   1.795
  1796     5400  3599185   1.796
  1797     5400  3601189   1.797
  1798     5400  3603193   1.798
  1799     5400  3605197   1.799
  1800     5400  3607201   1.800
  1801     5400  3609205   1.801
  1802     5400  3611209   1.802
  1803     5400  3613213   1.803
  1804     5400  3615217   1.804
  1805     5400  3617221   1.805
  1806     5400  3619225   1.806
  1807     5400  3621229   1.807
  1808     5400  3623233   1.808
  1809     5400  3625237   1.809
  1810     5400  3627241   1.810
  1811     5400  3629245   1.811
  1812     5400  3631249   1.812
  1813     5400  3633253   1.813
  1814     5400  3635257   1.814
  1815     5400  3637261   1.815
  1816     5400  3639265   1.816
  1817     5400  3641269   1.817
  1818     5400  3643273   1.818
  1819     5400  3645277   1.819
  1820     5400  3647281   1.820
  1821     5400  3649285   1.821
  1822     5400  3651289   1.822
  1823     5400  3653293   1.823
  1824     5400  3655297   1.824
  1825     5400  3657301   1.825
  1826     5400  3659305   1.826
  1827     5400  3661309   1.827
  1828     5400  3663313   1.828
  1829     5400  3665317   1.829
  1830     5400  3667321   1.830
  1831     5400  3669325   1.831
  1832     5400  3671329   1.832
  1833     5400  3673333   1.833
  1834     5400  3675337   1.834
  1835     5400  3677341   1.835
  1836     5400  3679345   1.836
  1837     5400  3681349   1.837
  1838     5400  3683353   1.838
  1839     5400  3685357   1.839
  1840     5400  3687361   1.840
  1841     5400  3689365   1.841
  1842     5400  3691369   1.842
  1843     5400  3693373   1.843
  1844     5400  3695377   1.844
  1845     5400  3697381   1.845
  1846     5400  3699385   1.846
  1847     5400  3701389   1.847
  1848     5400  3703393   1.848
  1849     5400  3705397   1.849
  1850     5400  3707401   1.850
  1851     5400  3709405   1.851
  1852     5400  3711409   1.852
  1853     5400  3713413   1.853
  1854     5400  3715417   1.854
  1855     5400  3717421   1.855
  1856     5400  3719425   1.856
  1857     5400  3721429   1.857
  1858     5400  3723433   1.858
  1859     5400  3725437   1.859
  1860     5400  3727441   1.860
  1861     5400  3729445   1.861
  1862     5400  3731449   1.862
  1863     5400  3733453   1.863
  1864     5400  3735457   1.864
  1865     5400  3737461   1.865
  1866     5400  3739465   1.866
  1867     5400  3741469   1.867
  1868     5400  3743473   1.868
  1869     5400  3745477   1.869
  1870     5400  3747481   1.870
  1871     5400  3749485   1.871
  1872     5400  3751489   1.872
  1873     5400  3753493   1.873
  1874     5400  3755497   1.874
  1875     5400  3757501   1.875
  1876     5400  3759505   1.876
  1877     5400  3761509   1.877
  1878     5400  3763513   1.878
  1879     5400  3765517   1.879
  1880     5400  3767521   1.880
  1881     5400  3769525   1.881
  1882     5400  3771529   1.882
  1883     5400  3773533   1.883
  1884     5400  3775537   1.884
  1885     5400  3777541   1.885
  1886     5400  3779545   1.886
  1887     5400  3781549   1.887
  1888     5400  3783553   1.888
  1889     5400  3785557   1.889
  1890     5400  3787561   1.890
  1891     5400  3789565   1.891
  1892     5400  3791569   1.892
  1893     5400  3793573   1.893
  1894     5400  3795577   1.894
  1895     5400  3797581   1.895
  1896     5400  3799585   1.896
  1897     5400  3801589   1.897
  1898     5400  3803593   1.898
  1899     5400  3805597   1.899
  1900     5400  3807601   1.900
  1901     5400  3809605   1.901
  1902     5400  3811609   1.902
  1903     5400  3813613   1.903
  1904     5400  3815617   1.904
  1905     5400  3817621   1.905
  1906     5400  3819625   1.906
  1907     5400  3821629   1.907
  1908     5400  3823633   1.908
  1909     5400  3825637   1.909
  1910     5400  3827641   1.910
  1911     5400  3829645   1.911
  1912     5400  3831649   1.912
  1913     5400  3833653   1.913
  1914     5400  3835657   1.914
  1915     5400  3837661   1.915
  1916     5400  3839665   1.916
  1917     5400  3841669   1.917
  1918     5400  3843673   1.918
  1919     5400  3845677   1.919
  1920     5400  3847681   1.920
  1921     5400  3849685   1.921
  1922     5400  3851689   1.922
  1923     5400  3853693   1.923
  1924     5400  3855697   1.924
  1925     5400  3857701   1.925
  1926     5400  3859705   1.926
  1927     5400  3861709   1.927
  1928     5400  3863713   1.928
  1929     5400  3865717   1.929
  1930     5400  3867721   1.930
  1931     5400  3869725   1.931
  1932     5400  3871729   1.932
  1933     5400  3873733   1.933
  1934     5400  3875737   1.934
  1935     5400  3877741   1.935
  1936     5400  3879745   1.936
  1937     5400  3881749   1.937
  1938     5400  3883753   1.938
  1939     5400  3885757   1.939
  1940     5400  3887761   1.940
  1941     5400  3889765   1.941
  1942     5400  3891769   1.942
  1943     5400  3893773   1.943
  1944     5400  3895777   1.944
  1945     5400  3897781   1.945
  1946     5400  3899785   1.946
  1947     5400  3901789   1.947
  1948     5400  3903793   1.948
  1949     5400  3905797   1.949
  1950     5400  3907801   1.950
  1951     5400  3909805   1.951
  1952     5400  3911809   1.952
  1953     5400  3913813   1.953
  1954     5400  3915817   1.954
  1955     5400  3917821   1.955
  1956     5400  3919825   1.956
  1957     5400  3921829   1.957
  1958     5400  3923833   1.958
  1959     5400  3925837   1.959
  1960     5400  3927841   1.960
  1961     5400  3929845   1.961
  1962     5400  3931849   1.962
  1963     5400  3933853   1.963
  1964     5400  3935857   1.964
  1965     5400  3937861   1.965
  1966     5400  3939865   1.966
  1967     5400  3941869   1.967
  1968     5400  3943873   1.968
  1969     5400  3945877   1.969
  1970     5400  3947881   1.970
  1971     5400  3949885   1.971
  1972     5400  3951889   1.972
  1973     5400  3953893   1.973
  1974     5400  3955897   1.974
  1975     5400  3957901   1.975
  1976     5400  3959905   1.976
  1977     5400  3961909   1.977
  1978     5400  3963913   1.978
  1979     5400  3965917   1.979
  1980     5400  3967921   1.980
  1981     5400  3969925   1.981
  1982     5400  3971929   1.982
  1983     5400  3973933   1.983
  1984     5400  3975937   1.984
  1985     5400  3977941   1.985
  1986     5400  3979945   1.986
  1987     5400  3981949   1.987
  1988     5400  3983953   1.988
  1989     5400  3985957   1.989
  1990     5400  3987961   1.990
  1991     5400  3989965   1.991
  1992     5400  3991969   1.992
  1993     5400  3993973   1.993
  1994     5400  3995977   1.994
  1995     5400  3997981   1.995
  1996     5400  3999985   1.996
  1997     5400  4001989   1.997
  1998     5400  4003993   1.998
  1999     5400  4005997   1.999
  2000     5400  4008001   2.000
