 0.000E+00 0.000E+00
 0.316E+12 0.556E+14
 0.631E+12 0.556E+14
 0.947E+12 0.556E+14
 0.126E+13 0.556E+14
 0.158E+13 0.556E+14
 0.189E+13 0.556E+14
 0.221E+13 0.556E+14
 0.252E+13 0.556E+14
 0.284E+13 0.556E+14
 0.316E+13 0.556E+14
 0.347E+13 0.556E+14
 0.379E+13 0.556E+14
 0.410E+13 0.556E+14
 0.442E+13 0.556E+14
 0.473E+13 0.556E+14
 0.505E+13 0.556E+14
 0.536E+13 0.556E+14
 0.568E+13 0.556E+14
 0.600E+13 0.556E+14
 0.631E+13 0.556E+14
 0.663E+13 0.556E+14
 0.694E+13 0.556E+14
 0.726E+13 0.556E+14
 0.757E+13 0.556E+14
 0.789E+13 0.556E+14
 0.821E+13 0.556E+14
 0.852E+13 0.556E+14
 0.884E+13 0.556E+14
 0.915E+13 0.567E+14
 0.947E+13 0.569E+14
 0.978E+13 0.578E+14
 0.101E+14 0.608E+14
 0.104E+14 0.612E+14
 0.107E+14 0.660E+14
 0.110E+14 0.670E+14
 0.114E+14 0.733E+14
 0.117E+14 0.745E+14
 0.120E+14 0.783E+14
 0.123E+14 0.868E+14
 0.126E+14 0.877E+14
 0.129E+14 0.981E+14
 0.133E+14 0.989E+14
 0.136E+14 0.114E+15
 0.139E+14 0.115E+15
 0.142E+14 0.135E+15
 0.145E+14 0.136E+15
 0.148E+14 0.154E+15
 0.151E+14 0.156E+15
 0.155E+14 0.175E+15
 0.158E+14 0.180E+15
 0.161E+14 0.189E+15
 0.164E+14 0.211E+15
 0.167E+14 0.216E+15
 0.170E+14 0.238E+15
 0.174E+14 0.248E+15
 0.177E+14 0.268E+15
 0.180E+14 0.282E+15
 0.183E+14 0.292E+15
 0.186E+14 0.321E+15
 0.189E+14 0.329E+15
 0.193E+14 0.362E+15
 0.196E+14 0.368E+15
 0.199E+14 0.402E+15
 0.202E+14 0.409E+15
 0.205E+14 0.447E+15
 0.208E+14 0.455E+15
 0.211E+14 0.488E+15
 0.215E+14 0.498E+15
 0.218E+14 0.533E+15
 0.221E+14 0.545E+15
 0.224E+14 0.563E+15
 0.227E+14 0.597E+15
 0.230E+14 0.614E+15
 0.234E+14 0.644E+15
 0.237E+14 0.662E+15
 0.240E+14 0.696E+15
 0.243E+14 0.716E+15
 0.246E+14 0.741E+15
 0.249E+14 0.772E+15
 0.252E+14 0.794E+15
 0.256E+14 0.825E+15
 0.259E+14 0.848E+15
 0.262E+14 0.879E+15
 0.265E+14 0.891E+15
 0.268E+14 0.939E+15
 0.271E+14 0.952E+15
 0.275E+14 0.996E+15
 0.278E+14 0.101E+16
 0.281E+14 0.105E+16
 0.284E+14 0.107E+16
 0.287E+14 0.108E+16
 0.290E+14 0.113E+16
 0.293E+14 0.114E+16
 0.297E+14 0.119E+16
 0.300E+14 0.120E+16
 0.303E+14 0.124E+16
 0.306E+14 0.125E+16
 0.309E+14 0.129E+16
 0.312E+14 0.132E+16
 0.316E+14 0.135E+16
 0.319E+14 0.137E+16
 0.322E+14 0.140E+16
 0.325E+14 0.143E+16
 0.328E+14 0.144E+16
 0.331E+14 0.149E+16
 0.335E+14 0.150E+16
 0.338E+14 0.154E+16
 0.341E+14 0.155E+16
 0.344E+14 0.159E+16
 0.347E+14 0.160E+16
 0.350E+14 0.162E+16
 0.353E+14 0.166E+16
 0.357E+14 0.167E+16
 0.360E+14 0.170E+16
 0.363E+14 0.171E+16
 0.366E+14 0.175E+16
 0.369E+14 0.176E+16
 0.372E+14 0.179E+16
 0.376E+14 0.180E+16
 0.379E+14 0.183E+16
 0.382E+14 0.184E+16
 0.385E+14 0.187E+16
 0.388E+14 0.188E+16
 0.391E+14 0.189E+16
 0.394E+14 0.192E+16
 0.398E+14 0.193E+16
 0.401E+14 0.196E+16
 0.404E+14 0.197E+16
 0.407E+14 0.200E+16
 0.410E+14 0.202E+16
 0.413E+14 0.203E+16
 0.417E+14 0.206E+16
 0.420E+14 0.207E+16
 0.423E+14 0.211E+16
 0.426E+14 0.211E+16
 0.429E+14 0.215E+16
 0.432E+14 0.216E+16
 0.436E+14 0.220E+16
 0.439E+14 0.221E+16
 0.442E+14 0.225E+16
 0.445E+14 0.226E+16
 0.448E+14 0.229E+16
 0.451E+14 0.231E+16
 0.454E+14 0.233E+16
 0.458E+14 0.236E+16
 0.461E+14 0.237E+16
 0.464E+14 0.241E+16
 0.467E+14 0.242E+16
 0.470E+14 0.245E+16
 0.473E+14 0.247E+16
 0.477E+14 0.248E+16
 0.480E+14 0.252E+16
 0.483E+14 0.253E+16
 0.486E+14 0.257E+16
 0.489E+14 0.258E+16
 0.492E+14 0.262E+16
 0.495E+14 0.263E+16
 0.499E+14 0.267E+16
 0.502E+14 0.268E+16
 0.505E+14 0.271E+16
 0.508E+14 0.273E+16
 0.511E+14 0.276E+16
 0.514E+14 0.278E+16
 0.518E+14 0.279E+16
 0.521E+14 0.283E+16
 0.524E+14 0.284E+16
 0.527E+14 0.287E+16
 0.530E+14 0.289E+16
 0.533E+14 0.292E+16
 0.536E+14 0.294E+16
 0.540E+14 0.295E+16
 0.543E+14 0.299E+16
 0.546E+14 0.300E+16
 0.549E+14 0.304E+16
 0.552E+14 0.304E+16
 0.555E+14 0.309E+16
 0.559E+14 0.309E+16
 0.562E+14 0.313E+16
 0.565E+14 0.314E+16
 0.568E+14 0.318E+16
 0.571E+14 0.319E+16
 0.574E+14 0.323E+16
 0.578E+14 0.324E+16
 0.581E+14 0.325E+16
 0.584E+14 0.329E+16
 0.587E+14 0.330E+16
 0.590E+14 0.333E+16
 0.593E+14 0.335E+16
 0.596E+14 0.338E+16
 0.600E+14 0.339E+16
 0.603E+14 0.340E+16
 0.606E+14 0.344E+16
 0.609E+14 0.345E+16
 0.612E+14 0.349E+16
 0.615E+14 0.350E+16
 0.619E+14 0.354E+16
 0.622E+14 0.354E+16
 0.625E+14 0.358E+16
 0.628E+14 0.359E+16
 0.631E+14 0.363E+16
